181,0
180,1
179,2
178,3
177,4
177,5
176,6
175,7
174,8
175,9
174,10
173,11
173,12
173,13
173,14
173,15
173,16
172,17
173,18
174,19
174,20
174,21
174,22
174,23
173,24
172,25
171,26
170,27
170,28
170,29
170,30
170,31
169,32
168,33
167,34
166,35
165,36
164,37
164,38
164,39
164,40
164,41
164,42
164,43
163,44
163,45
162,46
162,47
162,48
163,49
163,50
163,51
164,52
165,53
165,54
165,55
165,56
164,57
163,58
163,59
162,60
163,61
162,62
161,63
162,64
161,65
162,66
162,67
162,68
161,69
161,70
161,71
162,72
163,73
163,74
163,75
163,76
162,77
161,78
161,79
161,80
161,81
161,82
161,83
160,84
160,85
160,86
160,87
159,88
158,89
158,90
158,91
158,92
158,93
157,94
156,95
156,96
156,97
157,98
157,99
156,100
156,101
155,102
154,103
153,104
152,105
151,106
150,107
149,108
148,109
147,110
146,111
145,112
144,113
143,114
142,115
141,116
140,117
139,118
138,119
137,120
136,121
135,122
134,123
133,124
132,125
131,126
130,127
129,128
128,129
127,130
126,131
125,132
124,133
123,134
122,135
121,136
120,137
119,138
118,139
117,140
116,141
115,142
114,143
113,144
112,145
111,146
110,147
109,148
108,149
107,150
106,151
105,152
104,153
103,154
102,155
101,156
100,156
99,157
98,158
97,158
96,158
95,158
94,159
93,159
92,159
91,160
90,161
89,161
88,162
87,162
86,163
85,164
84,165
83,166
82,167
81,168
80,169
79,170
78,171
79,172
78,173
78,174
78,175
79,176
80,177
79,178
80,179
79,180
80,181
79,182
78,183
78,184
79,185
78,186
78,187
78,188
78,189
78,190
79,191
80,192
79,193
80,194
79,195
80,196
79,197
80,198
79,199
80,200
81,201
80,202
80,203
80,204
80,205
80,206
80,207
80,208
80,209
79,210
78,211
79,212
78,213
79,214
79,215
79,216
80,217
79,218
79,219
79,220
79,221
79,222
79,223
79,224
79,225
79,226
79,227
79,228
79,229
78,230
78,231
78,232
77,233
76,234
76,235
76,236
75,237
75,238
75,239
75,240
75,241
75,242
75,243
75,244
76,245
75,246
75,247
75,248
74,249
74,250
74,251
73,252
72,253
72,254
72,255
72,256
72,257
73,258
73,259
73,260
73,261
74,262
73,263
74,264
74,265
74,266
75,267
74,268
74,269
74,270
74,271
74,272
74,273
75,274
76,275
77,276
76,277
76,278
75,279
76,280
77,281
77,282
76,283
77,284
77,285
77,286
77,287
77,288
77,289
78,290
79,291
79,292
79,293
79,294
78,295
79,296
80,297
80,298
80,299
80,300
79,301
80,302
80,303
80,304
80,305
80,306
80,307
80,308
80,309
80,310
80,311
80,312
81,313
82,314
83,315
84,316
85,317
86,318
87,319
88,320
89,321
89,322
89,323
89,324
90,325
91,326
91,327
91,328
92,329
92,330
93,331
94,332
95,333
96,334
97,335
98,336
99,337
100,338
101,339
102,340
103,341
104,342
105,343
106,344
107,345
108,346
109,347
110,348
111,349
112,350
113,350
114,350
115,349
116,350
117,351
118,351
119,352
120,352
121,352
122,352
123,352
124,353
125,354
126,353
127,352
128,352
129,352
130,352
131,351
132,352
133,352
134,351
135,350
136,351
137,352
138,353
139,353
140,353
141,354
142,355
143,355
144,355
145,354
146,353
147,352
148,353
149,354
150,354
151,353
152,352
153,351
154,350
155,350
156,349
157,349
158,349
159,349
160,348
161,347
162,348
163,347
164,347
165,348
166,349
167,348
168,347
169,346
170,345
171,346
172,347
173,348
174,347
175,347
176,347
177,347
178,346
179,345
180,345
181,345
182,345
183,345
184,345
185,346
186,346
187,345
188,344
189,344
190,343
191,342
192,341
193,340
194,339
195,338
196,337
197,336
198,335
199,334
200,333
201,332
202,331
203,330
204,329
205,328
206,327
207,326
208,325
209,324
210,323
211,322
212,321
213,320
214,319
215,318
216,317
217,316
218,315
219,314
220,314
221,313
222,312
223,313
224,313
225,314
226,314
227,313
228,312
229,313
230,314
231,315
232,314
233,313
234,313
235,314
236,315
237,314
238,314
239,315
240,315
241,315
242,315
243,315
244,314
245,315
246,314
247,313
248,312
249,311
250,310
251,309
252,308
253,309
254,309
255,309
256,310
257,309
258,309
259,308
260,308
261,309
262,308
263,309
264,310
265,309
266,308
267,307
268,307
269,307
270,308
271,308
272,308
273,308
274,308
275,308
276,308
277,308
278,309
279,310
280,310
281,310
282,311
283,310
284,310
285,310
286,310
287,310
288,311
289,311
290,311
291,310
292,309
293,308
294,307
295,308
296,307
297,307
298,308
299,309
300,309
301,309
302,309
303,310
304,311
305,310
306,311
307,311
308,311
309,310
310,311
311,311
312,312
313,312
314,313
315,313
316,314
317,315
318,316
319,317
320,318
321,319
322,319
323,319
324,319
325,319
326,319
327,320
328,320
329,320
330,320
331,319
332,320
333,321
334,321
335,321
336,321
337,321
338,321
339,321
340,321
341,320
342,319
343,318
344,319
345,318
346,319
347,319
348,318
349,319
350,319
351,319
352,319
353,320
354,321
355,320
356,319
357,318
358,319
359,318
360,319
361,319
362,320
363,319
364,319
365,318
366,317
367,318
368,319
369,320
370,320
371,320
372,320
373,320
374,321
375,321
376,322
377,321
378,320
379,319
380,319
381,319
382,320
383,319
384,318
385,317
386,316
387,315
388,314
389,313
390,313
391,313
392,313
393,313
394,312
395,312
396,311
397,310
398,310
399,310
400,310
401,309
402,308
403,308
404,307
405,306
406,305
407,304
408,303
409,302
410,301
411,300
412,299
413,298
414,297
415,296
416,295
417,294
418,293
419,292
420,291
421,290
422,289
423,288
424,287
425,286
426,285
427,284
428,283
429,282
430,281
431,280
432,279
433,278
434,277
435,276
436,275
437,274
438,273
439,272
440,271
441,270
442,269
443,268
444,267
445,266
446,265
447,264
448,263
448,262
448,261
448,260
448,259
449,258
449,257
449,256
449,255
449,254
449,253
449,252
449,251
449,250
449,249
449,248
450,247
451,246
451,245
452,244
453,243
452,242
451,241
451,240
451,239
450,238
451,237
452,236
453,235
453,234
453,233
453,232
452,231
453,230
452,229
452,228
453,227
453,226
452,225
451,224
452,223
452,222
453,221
454,220
455,219
455,218
456,217
456,216
457,215
458,214
459,213
460,212
459,211
458,210
457,209
456,208
456,207
455,206
455,205
454,204
455,203
455,202
455,201
456,200
455,199
454,198
454,197
453,196
452,195
451,194
451,193
450,192
449,191
450,190
451,189
450,188
451,187
451,186
450,185
450,184
449,183
448,182
448,181
449,180
450,179
449,178
450,177
450,176
450,175
449,174
448,173
449,172
449,171
449,170
449,169
449,168
449,167
449,166
449,165
449,164
449,163
449,162
449,161
450,160
451,159
452,158
453,157
454,156
453,155
454,154
454,153
454,152
454,151
453,150
454,149
454,148
454,147
454,146
454,145
454,144
455,143
455,142
454,141
454,140
454,139
454,138
455,137
454,136
455,135
454,134
454,133
454,132
453,131
452,130
453,129
454,128
453,127
453,126
453,125
453,124
453,123
452,122
451,121
452,120
452,119
453,118
454,117
453,116
453,115
453,114
453,113
453,112
453,111
454,110
454,109
453,108
453,107
453,106
453,105
453,104
452,103
452,102
452,101
451,100
450,99
450,98
451,97
452,96
453,95
453,94
453,93
452,92
451,91
450,90
451,89
451,88
451,87
450,86
449,85
448,84
448,83
448,82
448,81
448,80
448,79
449,78
450,77
449,76
448,75
447,74
447,73
447,72
447,71
447,70
446,69
446,68
447,67
447,66
447,65
447,64
446,63
445,62
444,61
444,60
443,59
442,58
442,57
442,56
442,55
442,54
442,53
442,52
442,51
441,50
440,49
440,48
439,47
439,46
438,45
439,44
440,43
441,42
441,41
441,40
442,39
442,38
441,37
440,36
439,35
439,34
439,33
439,32
439,31
440,30
441,29
440,28
439,27
439,26
439,25
439,24
439,23
439,22
438,21
437,20
437,19
437,18
437,17
437,16
436,15
437,14
438,13
439,12
438,11
439,10
439,9
439,8
440,7
440,6
440,5
441,4
442,3
443,2
444,1
445,0
