0,114
1,113
2,112
3,111
4,110
5,109
6,108
7,107
8,106
9,105
10,105
11,105
12,105
13,105
14,105
15,106
16,105
17,104
18,104
19,103
20,102
21,101
22,100
23,99
24,98
25,97
26,96
27,95
28,94
29,93
30,92
31,91
32,90
33,89
34,88
35,87
36,87
37,88
38,87
39,87
40,87
41,88
42,88
43,88
44,88
45,88
46,88
47,89
48,89
49,90
50,90
51,90
52,91
53,92
54,91
55,92
56,92
57,92
58,92
59,93
60,94
61,93
62,92
63,93
64,92
65,91
66,91
67,91
68,91
69,91
70,90
71,89
72,88
73,89
74,89
75,89
76,89
77,90
78,90
79,90
80,89
81,89
82,89
83,89
84,89
85,90
86,91
87,91
88,90
89,90
90,90
91,91
92,91
93,92
94,92
95,92
96,91
97,91
98,90
99,89
100,88
101,87
102,86
103,85
104,84
105,83
106,82
107,81
108,81
109,81
110,81
111,81
112,81
113,80
114,81
115,82
116,83
117,84
118,84
119,84
120,84
121,83
122,84
123,85
124,86
125,86
126,85
127,84
128,84
129,84
130,84
131,84
132,84
133,84
134,85
135,84
136,84
137,84
138,85
139,84
140,83
141,83
142,84
143,84
144,83
145,82
146,81
147,80
148,81
149,80
150,79
151,79
152,78
153,77
154,78
155,78
156,78
157,78
158,79
159,79
160,80
161,81
162,81
163,81
164,81
165,81
166,80
167,79
168,78
169,78
170,79
171,80
172,80
173,80
174,79
175,78
176,79
177,79
178,78
179,77
180,77
181,78
182,79
183,80
184,79
185,78
186,79
187,80
188,80
189,80
190,81
191,81
192,81
193,81
194,81
195,82
196,83
197,83
198,83
199,83
200,83
201,83
202,83
203,83
204,83
205,84
206,85
207,86
208,87
209,88
210,89
211,90
212,90
213,90
214,91
215,92
216,92
217,92
218,91
219,91
220,90
221,89
222,90
223,90
224,90
225,90
226,90
227,91
228,92
229,91
230,92
231,92
232,92
233,93
234,93
235,94
236,95
237,95
238,96
239,96
240,96
241,97
242,96
243,96
244,96
245,96
246,96
247,96
248,96
249,97
250,96
251,95
252,95
253,94
254,94
255,94
256,94
257,94
258,94
259,93
260,92
261,93
262,93
263,94
264,95
265,96
266,96
267,97
268,97
269,98
270,97
271,98
272,97
273,97
274,98
275,99
276,99
277,98
278,97
279,98
280,99
281,98
282,97
283,98
284,97
285,98
286,97
287,97
288,97
289,97
290,97
291,97
292,97
293,97
294,97
295,97
296,97
297,97
298,97
299,98
300,98
301,97
302,97
303,97
304,97
305,97
306,97
307,97
308,98
309,98
310,98
311,99
312,99
313,99
314,99
315,100
316,99
317,99
318,99
319,98
320,97
321,97
322,97
323,98
324,97
325,97
326,97
327,98
328,98
329,97
330,97
331,97
332,97
333,97
334,97
335,96
336,95
337,94
338,93
339,92
340,91
341,90
342,90
343,90
344,91
345,91
346,91
347,91
348,92
349,92
350,93
351,93
352,92
353,91
354,91
355,91
356,91
357,91
358,90
359,90
360,90
361,90
362,91
363,92
364,91
365,91
366,92
367,93
368,94
369,94
370,93
371,94
372,94
373,95
374,94
375,95
376,96
377,97
378,98
379,99
380,100
381,101
382,102
383,103
384,104
385,105
386,106
387,107
388,108
389,109
390,110
391,111
392,112
393,113
394,114
395,115
396,116
397,117
398,118
399,119
400,120
401,121
402,122
403,123
404,124
405,125
406,126
407,127
408,128
409,129
410,130
411,130
412,130
413,129
414,130
415,130
416,130
417,130
418,129
419,128
420,129
421,129
422,130
423,131
424,131
425,131
426,131
427,131
428,131
429,131
430,131
431,131
432,131
433,131
434,132
435,131
436,131
437,131
438,131
439,131
440,132
441,133
442,133
443,134
444,135
445,136
446,137
447,137
448,137
449,137
450,137
451,138
452,139
453,139
454,140
455,141
456,142
457,143
458,144
459,145
460,146
461,147
462,148
462,149
461,150
461,151
460,152
459,153
458,154
459,155
459,156
459,157
458,158
459,159
460,160
459,161
459,162
458,163
458,164
458,165
457,166
457,167
456,168
456,169
456,170
456,171
456,172
456,173
456,174
456,175
456,176
455,177
454,178
454,179
454,180
454,181
453,182
452,183
451,184
450,185
449,186
448,187
447,188
446,189
445,190
444,191
443,192
443,193
444,194
444,195
443,196
443,197
442,198
441,199
441,200
440,201
439,202
438,203
437,204
436,205
435,206
434,207
433,208
432,209
431,210
430,211
429,212
428,213
427,214
426,215
425,216
424,217
423,218
422,219
421,220
420,221
419,222
418,223
417,224
416,225
415,226
414,227
413,228
412,229
411,230
410,231
409,232
408,233
407,234
406,235
405,236
404,237
403,238
402,239
401,240
400,241
399,242
398,243
397,244
396,245
395,246
394,247
393,248
392,249
391,250
390,251
389,252
388,253
387,254
386,255
385,256
384,257
383,258
382,259
381,260
380,261
379,262
378,263
377,264
376,265
375,266
374,267
373,268
372,269
371,270
370,271
369,272
368,273
367,274
366,275
365,276
364,277
363,278
362,279
361,280
360,281
359,282
358,283
357,284
356,285
355,286
354,287
353,288
353,289
353,290
353,291
353,292
353,293
352,294
351,295
351,296
350,297
351,298
352,299
352,300
352,301
352,302
353,303
352,304
351,305
351,306
352,307
351,308
351,309
350,310
350,311
349,312
349,313
349,314
348,315
347,316
346,317
345,318
344,319
343,320
342,321
341,322
341,323
341,324
341,325
342,326
342,327
342,328
341,329
340,330
339,331
338,332
337,333
336,334
335,335
334,336
333,337
332,338
331,339
330,340
329,341
328,342
327,343
326,344
325,345
324,346
323,347
322,348
321,349
320,350
319,351
318,350
317,350
316,351
315,351
314,350
313,350
312,350
311,350
310,350
309,350
308,350
307,350
306,349
305,348
304,349
303,348
302,347
301,347
300,348
299,349
298,350
297,351
296,351
295,351
294,351
293,351
292,351
291,351
290,351
289,351
288,351
287,352
286,353
285,354
284,354
283,355
282,356
281,357
280,358
279,359
278,360
277,361
276,362
275,363
274,364
273,365
272,366
272,367
272,368
273,369
272,370
272,371
272,372
272,373
272,374
272,375
272,376
272,377
273,378
274,379
275,380
276,381
277,382
278,383
279,384
280,385
281,386
281,387
282,388
282,389
282,390
282,391
283,392
284,393
285,394
286,395
287,396
287,397
286,398
285,399
284,400
285,401
286,402
287,403
288,404
287,405
286,406
286,407
286,408
286,409
286,410
287,411
287,412
288,413
289,414
290,415
289,416
290,417
289,418
289,419
289,420
290,421
289,422
289,423
290,424
290,425
290,426
290,427
291,428
291,429
291,430
291,431
291,432
291,433
291,434
291,435
292,436
293,437
294,438
295,439
296,440
297,441
298,442
299,443
300,444
301,445
302,446
303,447
304,448
305,449
306,450
307,451
308,452
309,452
310,452
311,453
312,454
313,454
314,455
315,456
316,455
317,454
318,453
319,452
320,451
321,450
322,449
323,448
324,447
325,446
326,445
327,444
328,443
329,444
330,445
331,446
332,447
333,448
334,449
335,450
336,450
337,450
338,450
339,451
340,452
341,453
342,452
343,453
344,452
345,452
346,451
347,451
348,452
349,452
350,451
351,451
352,452
353,453
354,452
355,451
356,452
357,451
358,452
359,451
360,451
361,451
362,450
363,450
364,449
365,448
366,447
367,447
368,446
369,445
370,446
371,445
372,446
373,446
374,445
375,444
376,443
377,443
378,442
379,441
380,440
381,439
382,438
383,437
384,436
385,435
386,434
387,433
388,432
389,431
390,430
391,429
392,428
393,427
394,426
395,425
396,424
397,423
398,422
399,421
400,420
401,419
402,418
403,417
404,416
405,415
406,414
406,413
407,412
408,411
409,410
409,409
410,408
411,407
412,406
413,405
414,404
415,403
416,402
417,401
418,400
419,399
420,398
421,397
422,396
423,395
424,394
425,393
426,392
427,391
428,392
429,391
430,390
431,391
432,390
433,389
434,388
435,388
436,388
437,389
438,389
439,388
440,389
441,389
442,389
443,389
444,388
445,387
446,387
447,388
448,387
449,387
450,388
451,389
452,390
453,389
454,390
455,390
456,391
457,392
458,392
459,392
460,392
461,392
462,392
463,392
464,392
465,393
466,393
467,393
468,393
469,394
470,395
471,395
472,395
473,394
474,393
475,394
476,394
477,394
478,394
479,394
480,394
481,394
482,394
483,395
484,395
485,394
486,394
487,394
488,393
489,392
490,392
491,391
492,392
493,391
494,390
495,390
496,390
497,390
498,391
499,392
