976,987
977,986
978,985
979,984
980,983
979,982
979,981
978,980
977,979
977,978
976,977
975,976
975,975
975,974
974,973
974,972
973,971
973,970
972,969
972,968
972,967
971,966
971,965
971,964
971,963
971,962
972,961
972,960
972,959
972,958
971,957
971,956
970,955
969,954
968,953
968,952
969,951
969,950
969,949
969,948
968,947
969,946
968,945
967,944
966,943
965,942
965,941
965,940
965,939
965,938
965,937
965,936
964,935
963,934
962,933
962,932
962,931
962,930
961,929
961,928
960,927
959,926
959,925
958,924
958,923
958,922
957,921
957,920
957,919
956,918
955,917
955,916
954,915
954,914
954,913
953,912
952,911
951,910
951,909
950,908
949,907
948,906
948,905
948,904
947,903
946,902
945,901
945,900
945,899
944,898
944,897
944,896
943,895
943,894
942,893
941,892
941,891
940,890
939,889
939,888
938,887
937,886
936,885
936,884
936,883
935,882
936,881
935,880
934,879
934,878
933,877
932,876
932,875
931,874
932,873
931,872
930,871
930,870
930,869
929,868
928,867
927,866
926,865
925,864
925,863
925,862
924,861
924,860
923,859
922,858
921,857
920,856
919,855
918,854
917,853
916,852
915,851
914,850
913,849
912,850
911,851
910,852
909,853
908,854
907,854
906,853
905,853
904,853
903,853
902,853
901,854
900,855
899,854
898,855
897,856
896,857
895,857
894,857
893,858
892,858
891,858
890,859
889,860
888,860
887,860
886,860
885,860
884,860
883,860
882,859
881,860
880,861
879,861
878,861
877,861
876,862
875,861
874,860
873,861
872,862
871,863
870,864
869,865
868,865
867,865
866,865
865,865
864,865
863,865
862,865
861,866
860,866
859,866
858,866
857,865
856,865
855,864
854,865
853,866
852,866
851,865
850,866
849,865
848,865
847,865
846,865
845,865
844,864
843,864
842,865
841,866
840,867
839,868
838,869
837,870
836,871
835,872
834,872
833,872
832,872
831,872
830,871
829,872
828,873
827,874
826,873
825,874
824,873
823,872
822,871
821,872
820,871
819,870
818,870
817,871
816,871
815,871
814,871
813,871
812,871
811,870
810,871
809,870
808,869
807,868
806,868
805,868
804,868
803,868
802,868
801,868
800,869
799,869
798,868
797,867
796,867
795,866
794,865
794,864
794,863
795,862
796,861
795,860
795,859
795,858
795,857
794,856
793,855
792,854
793,853
793,852
793,851
793,850
792,849
792,848
792,847
792,846
792,845
792,844
792,843
791,842
791,841
791,840
790,839
789,838
788,837
787,836
787,835
787,834
786,833
786,832
786,831
785,830
784,829
783,828
782,827
781,826
780,825
779,824
778,823
777,822
776,821
775,820
774,819
773,819
772,819
771,818
770,817
769,816
768,815
767,814
766,813
766,812
765,811
764,810
764,809
764,808
764,807
763,806
762,805
761,804
761,803
761,802
761,801
761,800
760,799
759,798
758,797
758,796
758,795
758,794
758,793
757,792
756,791
757,790
756,789
755,788
755,787
754,786
754,785
754,784
753,783
754,782
753,781
752,780
751,779
751,778
751,777
750,776
749,775
749,774
748,773
748,772
748,771
747,770
748,769
747,768
746,767
745,766
744,765
744,764
743,763
742,762
743,761
742,760
742,759
741,758
740,757
739,756
739,755
738,754
737,753
736,752
735,751
734,750
733,749
733,748
733,747
733,746
732,745
731,744
732,743
731,742
731,741
731,740
731,739
731,738
730,737
729,736
729,735
728,734
727,733
726,732
725,731
725,730
725,729
724,728
723,727
722,726
722,725
722,724
722,723
721,722
720,721
720,720
720,719
719,718
719,717
719,716
718,715
717,714
717,713
717,712
716,711
715,710
714,709
714,708
713,707
712,706
711,705
710,705
709,705
708,705
707,706
706,707
705,707
704,706
703,707
702,708
701,709
700,709
699,709
698,709
697,708
696,707
695,706
694,705
693,704
692,703
691,702
690,701
689,700
689,699
689,698
688,697
687,696
687,695
687,694
686,693
686,692
685,691
684,690
685,689
684,688
683,687
683,686
684,685
683,684
682,683
682,682
681,681
680,680
680,679
679,678
678,677
677,676
678,675
677,674
677,673
677,672
676,671
675,670
674,669
673,668
672,667
671,666
670,665
669,664
668,663
667,662
666,661
665,660
664,659
663,658
662,657
661,656
660,655
659,655
658,654
657,653
656,652
655,651
654,650
653,649
652,648
651,647
650,646
649,645
648,644
647,643
646,642
645,641
644,640
643,639
642,638
641,637
640,636
639,635
638,634
638,633
637,632
637,631
637,630
637,629
637,628
637,627
636,626
636,625
636,624
635,623
635,622
635,621
635,620
635,619
635,618
635,617
634,616
633,615
633,614
632,613
631,612
631,611
631,610
631,609
631,608
630,607
630,606
630,605
629,604
628,603
628,602
627,601
626,600
625,601
624,601
623,601
622,602
621,603
620,603
619,602
618,603
617,603
616,603
615,604
614,605
613,605
612,605
611,605
610,605
609,606
608,607
607,607
606,606
605,605
604,604
603,603
602,603
601,604
600,605
599,605
598,606
597,606
596,606
595,605
594,606
593,607
592,607
591,607
590,607
589,608
588,608
587,608
586,608
585,609
584,610
583,609
582,609
581,610
580,611
579,612
578,613
577,614
576,615
575,615
574,616
573,616
572,617
571,617
570,617
569,618
568,619
567,619
566,619
565,619
564,619
563,619
562,619
561,618
560,617
559,618
558,617
557,617
556,617
555,618
554,619
553,618
552,617
551,616
550,617
549,616
548,616
547,616
546,615
545,614
544,614
543,613
542,612
541,612
540,612
539,611
538,611
537,611
536,610
535,609
534,609
533,609
532,609
531,608
530,607
529,607
528,606
527,605
526,604
525,603
524,603
523,603
522,603
521,603
520,602
519,601
518,600
517,600
516,600
515,599
514,598
513,598
512,598
511,597
510,596
509,596
508,595
507,594
506,594
505,593
504,593
503,592
502,591
501,592
500,591
499,590
498,590
497,589
496,588
495,587
494,587
493,586
492,586
491,585
490,584
489,583
488,582
487,581
486,580
486,579
486,578
485,577
484,576
483,575
482,574
481,573
480,574
479,574
478,575
477,576
476,577
475,576
474,576
473,577
472,577
471,577
470,577
469,578
468,578
467,578
466,577
465,576
464,575
463,574
462,573
461,572
460,571
459,570
458,569
458,568
458,567
457,566
458,565
458,564
457,563
456,562
456,561
456,560
455,559
455,558
454,557
453,556
453,555
453,554
453,553
453,552
453,551
453,550
452,549
452,548
452,547
452,546
451,545
450,544
450,543
450,542
450,541
450,540
449,539
448,538
448,537
448,536
448,535
447,534
447,533
447,532
447,531
447,530
446,529
445,528
446,527
447,526
446,525
447,524
446,523
445,522
444,521
444,520
444,519
444,518
444,517
444,516
444,515
443,514
443,513
442,512
441,511
441,510
441,509
441,508
441,507
441,506
441,505
440,504
441,503
441,502
440,501
439,500
438,499
437,498
436,497
435,496
434,495
433,494
432,493
431,492
430,491
431,490
432,489
433,488
434,487
434,486
434,485
434,484
434,483
434,482
434,481
433,480
433,479
433,478
433,477
434,476
434,475
434,474
433,473
433,472
434,471
433,470
434,469
434,468
433,467
433,466
433,465
432,464
431,463
430,462
430,461
430,460
430,459
429,458
429,457
428,456
428,455
428,454
427,453
426,452
425,451
426,450
427,449
427,448
427,447
426,446
425,445
425,444
425,443
424,442
425,441
424,440
423,439
423,438
422,437
422,436
421,435
421,434
420,433
419,432
420,431
421,430
420,429
420,428
419,427
418,426
417,425
417,424
417,423
417,422
416,421
416,420
417,419
416,418
417,417
418,416
418,415
419,414
419,413
419,412
418,411
417,410
417,409
417,408
417,407
418,406
418,405
418,404
418,403
418,402
418,401
417,400
416,399
416,398
417,397
418,396
417,395
418,394
419,393
420,392
420,391
