249,1
250,2
251,3
252,4
253,5
254,6
255,7
256,8
257,9
258,10
259,11
260,12
261,13
262,14
263,15
264,16
265,17
266,18
267,19
267,20
268,21
269,22
270,23
271,24
271,25
271,26
271,27
271,28
271,29
272,30
273,31
273,32
274,33
275,34
275,35
276,36
276,37
276,38
276,39
276,40
277,41
277,42
276,43
277,44
277,45
278,46
279,47
280,48
280,49
280,50
280,51
281,52
282,53
283,54
283,55
284,56
284,57
285,58
285,59
286,60
285,61
285,62
286,63
287,64
288,65
289,66
289,67
289,68
290,69
290,70
291,71
292,72
291,73
292,74
292,75
291,76
292,77
293,78
294,79
295,80
296,81
296,82
296,83
297,84
297,85
297,86
298,87
299,88
300,89
300,90
301,91
302,92
302,93
302,94
303,95
303,96
304,97
304,98
304,99
304,100
305,101
306,102
306,103
307,104
308,105
308,106
308,107
309,108
310,109
310,110
310,111
310,112
311,113
312,114
312,115
312,116
312,117
313,118
314,119
315,120
315,121
315,122
316,123
316,124
316,125
316,126
316,127
317,128
318,129
318,130
318,131
319,132
320,133
321,134
321,135
321,136
322,137
322,138
323,139
324,140
324,141
323,142
324,143
325,144
325,145
326,146
325,147
325,148
326,149
326,150
327,151
328,152
329,153
330,154
331,155
331,156
332,157
333,158
333,159
333,160
334,161
335,162
335,163
335,164
335,165
335,166
336,167
336,168
337,169
338,170
339,171
340,172
340,173
340,174
341,175
341,176
342,177
343,178
343,179
343,180
344,181
343,182
344,183
345,184
346,185
346,186
346,187
347,188
347,189
347,190
347,191
348,192
349,193
349,194
350,195
351,196
351,197
351,198
351,199
352,200
352,201
352,202
352,203
353,204
354,205
354,206
354,207
355,208
355,209
355,210
356,211
357,212
357,213
357,214
358,215
359,216
360,217
361,218
360,219
361,220
361,221
361,222
361,223
362,224
363,225
363,226
364,227
365,228
365,229
365,230
366,231
366,232
366,233
367,234
368,235
368,236
368,237
369,238
369,239
369,240
369,241
370,242
371,243
372,244
371,245
372,246
372,247
372,248
373,249
373,250
374,251
375,252
375,253
376,254
377,255
377,256
378,257
378,258
378,259
379,260
380,261
381,262
381,263
381,264
381,265
382,266
383,267
383,268
384,269
385,270
385,271
386,272
386,273
386,274
386,275
386,276
387,277
388,278
389,279
390,280
391,281
391,282
391,283
392,284
392,285
393,286
394,287
394,288
394,289
393,290
394,291
395,292
396,293
396,294
396,295
396,296
397,297
398,298
398,299
398,300
399,301
400,302
400,303
400,304
401,305
401,306
401,307
402,308
403,309
403,310
404,311
405,312
404,313
405,314
405,315
405,316
406,317
407,318
408,319
408,320
408,321
409,322
410,323
410,324
410,325
410,326
411,327
411,328
411,329
411,330
412,331
413,332
414,333
413,334
414,335
415,336
415,337
416,338
417,339
417,340
418,341
418,342
418,343
418,344
417,345
418,346
419,347
419,348
419,349
419,350
420,351
421,352
422,353
423,354
424,355
425,356
425,357
424,358
425,359
426,360
427,361
428,362
428,363
428,364
428,365
429,366
430,367
430,368
431,369
432,370
433,371
434,372
435,373
436,374
437,375
438,376
439,377
440,377
441,378
442,378
443,378
444,378
445,378
446,378
447,378
448,378
449,377
450,378
451,378
452,379
453,380
454,381
455,382
456,383
457,384
458,384
459,383
460,382
461,381
462,380
463,379
464,380
465,379
466,378
467,377
468,376
469,375
470,374
471,374
472,373
473,372
474,371
475,371
476,372
477,373
478,372
479,371
480,372
481,373
482,372
483,373
484,373
485,373
486,373
487,373
488,373
489,374
490,375
491,374
492,375
493,374
494,375
495,376
496,377
497,377
498,377
499,377
500,377
501,377
502,377
503,377
504,378
505,379
506,378
507,379
508,380
509,379
510,378
511,377
512,377
513,378
514,378
515,379
516,380
517,380
518,380
519,380
520,381
521,382
522,382
523,382
524,383
525,383
526,383
527,383
528,383
529,383
530,383
531,383
532,384
533,385
534,385
535,385
536,385
537,386
538,386
539,386
540,386
541,386
542,386
543,387
544,386
545,387
546,388
547,389
548,390
549,390
550,390
551,390
552,390
553,390
554,390
555,390
556,391
557,392
558,393
559,393
560,394
561,395
562,396
563,396
564,396
565,396
566,397
567,398
568,399
569,400
570,401
571,401
572,402
573,403
574,402
575,403
576,404
577,405
578,406
579,407
580,407
581,407
582,408
583,409
584,410
585,411
586,412
587,413
588,414
589,415
590,416
591,417
592,418
593,419
594,420
595,421
596,422
597,423
598,424
599,425
600,426
601,427
602,428
603,429
604,430
605,431
606,432
607,433
608,434
609,435
610,436
611,437
612,438
613,439
614,440
615,441
616,442
617,443
618,444
619,445
620,446
621,447
621,448
621,449
621,450
620,451
619,452
619,453
619,454
619,455
619,456
619,457
619,458
618,459
619,460
620,461
621,462
622,463
621,464
620,465
621,466
622,467
623,468
623,469
622,470
623,471
623,472
623,473
623,474
622,475
623,476
622,477
623,478
623,479
623,480
623,481
623,482
624,483
625,484
625,485
625,486
625,487
626,488
625,489
626,490
625,491
625,492
625,493
625,494
625,495
625,496
625,497
626,498
627,499
627,500
627,501
627,502
627,503
627,504
627,505
627,506
627,507
627,508
626,509
625,510
625,511
625,512
625,513
626,514
627,515
627,516
627,517
627,518
627,519
626,520
627,521
627,522
626,523
625,524
626,525
627,526
628,527
629,528
630,529
631,530
630,531
629,532
630,533
630,534
630,535
630,536
630,537
630,538
630,539
630,540
631,541
632,542
632,543
632,544
632,545
633,546
632,547
631,548
630,549
629,550
628,551
628,552
628,553
629,554
628,555
628,556
628,557
628,558
628,559
628,560
628,561
628,562
628,563
628,564
629,565
628,566
627,567
627,568
627,569
626,570
625,571
626,572
625,573
626,574
627,575
627,576
628,577
629,578
630,579
631,580
632,581
633,582
634,583
635,584
636,585
637,586
638,587
639,588
640,589
641,590
642,591
643,592
644,593
645,594
646,595
647,596
648,597
649,598
650,599
651,600
652,601
653,602
654,603
655,604
656,605
657,606
658,607
659,608
660,609
661,610
662,611
663,612
664,613
665,614
666,615
667,616
668,617
669,618
670,617
671,618
672,619
673,620
674,621
675,621
676,621
677,622
678,623
679,624
680,625
681,625
682,624
683,625
684,626
685,627
686,628
687,629
688,629
689,630
690,630
691,630
692,631
693,632
694,632
695,632
696,633
697,634
698,635
699,635
700,636
701,636
702,636
703,637
704,638
705,638
706,639
707,640
708,640
709,640
710,641
711,641
712,642
713,642
714,643
715,643
716,643
717,644
718,645
719,646
720,646
721,646
722,646
723,646
724,647
725,648
726,649
727,650
728,650
729,651
730,652
731,653
732,654
733,654
734,654
735,654
736,655
737,656
738,657
739,657
740,657
741,657
742,657
743,657
744,658
745,659
746,660
747,661
748,661
749,661
750,662
751,663
752,663
753,664
754,665
755,665
756,665
757,666
758,667
759,667
760,667
761,668
762,668
763,668
764,669
765,670
766,671
767,672
768,672
769,673
770,674
771,675
772,676
773,677
774,678
775,679
776,680
777,681
778,682
779,682
780,682
781,682
782,682
783,682
784,682
785,683
786,684
787,684
788,684
789,684
790,685
791,686
792,686
793,686
794,687
795,688
796,688
797,689
798,690
799,690
800,691
801,691
802,692
803,693
804,694
805,695
806,696
807,696
808,697
809,698
810,699
811,700
812,701
813,702
814,703
815,704
816,705
817,706
818,706
819,706
820,706
821,706
822,706
823,707
824,708
825,708
826,707
827,708
828,708
829,708
830,708
831,708
832,708
833,708
834,709
835,710
836,710
837,711
838,711
839,712
840,713
841,714
842,714
843,714
844,715
845,716
846,716
847,716
848,717
849,718
850,718
851,718
852,718
853,718
854,719
855,720
856,720
857,721
858,722
859,722
860,722
861,723
862,723
863,724
864,725
865,725
866,726
867,727
868,727
869,728
870,729
871,729
872,729
873,729
874,730
875,729
876,730
877,731
878,732
879,733
880,734
881,733
882,734
883,735
884,736
885,736
886,737
887,737
888,738
889,739
890,739
891,739
892,740
893,741
894,742
895,743
896,744
897,745
898,746
899,746
900,746
901,746
902,746
903,746
904,747
905,748
906,749
907,750
908,751
909,752
910,751
911,752
912,752
913,753
914,753
915,753
916,754
917,755
918,755
919,756
920,757
921,758
922,758
923,758
924,758
925,759
926,760
927,760
928,760
929,761
930,762
931,763
932,763
933,764
934,765
935,765
936,766
937,767
938,768
939,768
940,768
941,768
942,768
943,769
944,770
945,770
946,771
947,772
948,773
949,774
950,775
951,775
952,775
953,776
954,776
955,777
956,778
957,777
958,778
959,778
960,779
961,780
962,781
963,782
964,782
965,783
966,783
967,783
968,784
969,785
970,786
971,787
972,788
973,789
974,790
975,790
976,790
977,790
978,790
979,790
980,791
981,791
982,791
983,791
984,791
985,791
986,792
987,793
988,794
989,795
990,794
991,795
992,796
993,796
994,796
995,796
996,796
997,795
998,794
999,793
