999,740
998,739
997,738
996,737
995,736
994,735
993,734
992,733
991,732
990,731
989,730
988,729
987,728
986,727
985,726
984,725
983,725
982,725
981,725
980,724
979,724
978,724
977,724
976,724
975,725
974,724
973,723
972,723
971,722
970,721
969,722
968,721
967,721
966,720
965,719
964,719
963,719
962,719
961,719
960,719
959,719
958,718
957,718
956,717
955,716
954,715
953,714
952,714
951,713
950,712
949,712
948,712
947,712
946,712
945,712
944,712
943,712
942,711
941,710
940,710
939,709
938,709
937,709
936,709
935,708
934,709
933,710
932,709
931,708
930,707
929,708
928,707
927,707
926,707
925,706
924,707
923,706
922,705
921,705
920,705
919,704
918,704
917,704
916,704
915,704
914,703
913,702
912,702
911,703
910,702
909,702
908,701
907,700
906,699
906,698
906,697
906,696
907,695
908,694
908,693
909,692
910,691
910,690
910,689
910,688
911,687
912,686
912,685
912,684
913,683
914,682
915,681
916,680
916,679
916,678
917,677
918,676
918,675
918,674
918,673
919,672
919,671
920,670
919,669
920,668
921,667
922,666
923,665
924,664
924,663
924,662
925,661
926,660
926,659
927,658
928,657
928,656
929,655
929,654
929,653
930,652
931,651
930,650
930,649
931,648
930,647
929,646
929,645
928,644
928,643
927,642
927,641
927,640
926,639
925,638
925,637
924,636
923,635
922,634
921,633
920,632
919,631
918,630
917,629
916,628
915,627
914,626
913,626
912,625
911,624
910,623
909,622
908,622
907,621
906,620
905,620
904,619
903,618
902,617
901,616
900,615
899,614
899,613
898,612
897,611
897,610
897,609
897,608
898,607
897,606
896,605
895,604
894,603
893,602
892,601
891,600
890,599
889,598
888,597
887,596
886,595
885,594
884,593
883,592
882,591
881,590
880,589
879,588
878,587
877,586
876,585
875,584
874,584
873,583
872,582
871,582
870,581
869,580
868,579
867,578
866,577
865,576
864,575
863,574
862,574
861,574
860,575
859,575
858,575
857,575
856,575
855,574
854,573
853,573
852,573
851,573
850,572
849,572
848,571
847,570
846,569
845,568
844,567
843,566
842,565
841,564
840,563
839,564
838,565
837,564
836,563
835,563
834,563
833,564
832,563
831,564
830,563
829,562
828,561
827,561
826,561
825,561
824,561
823,561
822,561
821,561
820,561
819,561
818,561
817,561
816,561
815,562
814,561
813,561
812,561
811,561
810,562
809,563
808,564
807,564
806,564
805,564
804,563
803,562
802,561
801,560
800,559
799,558
798,557
797,556
796,555
795,554
794,553
793,552
792,551
791,550
790,549
789,548
788,547
787,546
787,545
788,544
788,543
789,542
790,541
790,540
790,539
790,538
790,537
790,536
790,535
790,534
790,533
790,532
789,531
788,530
789,529
788,528
788,527
789,526
790,525
790,524
790,523
789,522
788,521
789,520
788,519
787,518
788,517
787,516
787,515
787,514
787,513
787,512
787,511
787,510
788,509
788,508
789,507
788,506
789,505
788,504
789,503
789,502
789,501
789,500
789,499
789,498
789,497
789,496
789,495
789,494
790,493
789,492
789,491
789,490
789,489
788,488
788,487
789,486
790,485
789,484
790,483
789,482
789,481
789,480
790,479
791,478
790,477
790,476
790,475
790,474
790,473
790,472
790,471
790,470
790,469
790,468
790,467
791,466
792,465
792,464
792,463
791,462
791,461
791,460
791,459
791,458
791,457
791,456
791,455
791,454
791,453
791,452
791,451
791,450
791,449
791,448
790,447
789,446
788,445
787,444
786,443
785,442
784,441
783,440
782,439
781,438
780,437
779,437
778,437
777,437
776,436
775,436
774,435
773,435
772,434
771,433
770,434
769,433
768,434
767,433
766,432
765,431
764,432
763,433
762,432
761,433
760,433
759,432
758,431
757,430
756,429
755,428
754,428
753,427
752,426
751,426
750,425
749,424
748,423
747,422
746,421
745,420
744,419
743,418
742,417
741,416
740,415
739,414
738,413
737,412
736,411
735,410
734,409
733,408
732,407
731,407
730,407
729,407
728,407
727,406
726,406
725,406
724,406
723,406
722,405
721,404
720,403
719,402
718,401
717,400
716,399
715,398
714,397
713,396
712,395
711,394
710,393
709,392
708,391
707,390
706,389
705,388
704,387
703,386
703,385
703,384
702,383
702,382
702,381
701,380
700,379
700,378
699,377
698,376
699,375
698,374
699,373
698,372
697,371
697,370
696,369
695,368
696,367
697,366
696,365
696,364
695,363
695,362
694,361
694,360
694,359
694,358
694,357
694,356
694,355
694,354
694,353
693,352
692,351
692,350
692,349
692,348
693,347
692,346
693,345
694,344
695,343
696,342
697,341
698,340
697,339
698,338
699,337
700,336
701,335
701,334
700,333
700,332
700,331
700,330
699,329
700,328
699,327
700,326
699,325
700,324
700,323
700,322
700,321
701,320
702,319
702,318
702,317
701,316
701,315
702,314
701,313
701,312
701,311
702,310
703,309
704,308
704,307
704,306
704,305
704,304
704,303
704,302
704,301
704,300
704,299
703,298
704,297
703,296
703,295
703,294
703,293
703,292
703,291
702,290
703,289
704,288
705,287
705,286
706,285
707,284
706,283
707,282
708,281
707,280
707,279
707,278
707,277
707,276
707,275
707,274
708,273
709,272
708,271
707,270
707,269
707,268
707,267
708,266
707,265
708,264
709,263
710,262
710,261
710,260
709,259
708,258
707,257
708,256
709,255
709,254
709,253
708,252
709,251
710,250
711,249
711,248
711,247
710,246
709,245
709,244
709,243
710,242
710,241
709,240
710,239
709,238
708,237
708,236
709,235
708,234
709,233
709,232
709,231
710,230
711,229
712,228
713,227
714,226
713,225
714,224
714,223
713,222
713,221
713,220
713,219
713,218
712,217
711,216
710,215
710,214
709,213
708,212
707,211
707,210
707,209
707,208
706,207
705,206
704,205
703,204
702,203
701,202
700,201
699,200
698,199
697,198
696,197
695,196
694,195
693,194
692,193
691,192
690,191
689,190
688,189
687,188
686,187
685,186
684,185
683,184
682,183
681,182
680,181
679,180
678,179
677,178
676,177
675,176
674,175
673,174
672,173
671,172
670,171
669,170
668,169
667,168
666,167
665,166
664,165
663,164
662,163
661,162
660,161
659,160
658,159
657,158
656,157
655,156
654,155
653,154
652,153
651,152
650,151
649,150
648,149
647,148
646,147
645,146
644,145
643,144
643,143
642,142
643,141
642,140
641,139
640,138
640,137
640,136
640,135
641,134
641,133
641,132
642,131
641,130
641,129
641,128
641,127
642,126
641,125
640,124
639,123
638,122
637,121
636,120
636,119
635,118
634,117
634,116
633,115
633,114
632,113
631,112
630,111
629,110
628,109
627,108
626,107
625,106
624,105
623,104
622,103
621,102
620,101
620,100
620,99
619,98
618,97
617,96
616,95
615,94
614,93
614,92
613,91
612,90
611,89
610,88
609,87
609,86
609,85
608,84
607,83
606,82
605,81
605,80
604,79
603,78
602,77
602,76
601,75
601,74
600,73
599,72
598,71
597,70
597,69
596,68
595,67
595,66
594,65
594,64
594,63
594,62
593,61
592,60
592,59
592,58
591,57
591,56
590,55
589,54
588,53
587,52
586,52
585,52
584,53
583,52
582,53
581,54
580,55
579,56
578,57
577,58
576,59
575,60
574,61
573,62
572,63
571,64
570,65
569,66
568,67
567,68
566,69
565,70
564,71
563,72
562,73
561,74
560,75
559,76
558,77
557,78
556,79
555,80
554,81
553,82
552,83
551,84
550,85
549,86
548,87
547,88
546,89
545,90
544,91
543,92
542,93
541,94
541,95
541,96
540,97
539,98
538,99
537,100
536,101
536,102
535,103
534,104
533,105
532,106
531,107
531,108
531,109
530,110
530,111
529,112
528,113
528,114
528,115
527,116
526,117
526,118
525,119
524,120
524,121
524,122
523,123
522,124
522,125
522,126
521,127
520,128
520,129
519,130
519,131
519,132
518,133
519,134
518,135
517,136
516,137
516,138
515,139
514,140
514,141
513,142
512,143
511,144
512,145
511,146
510,147
509,148
508,149
507,150
506,151
505,152
504,153
503,154
502,155
501,156
500,157
499,158
498,159
497,160
496,160
495,159
494,158
493,157
492,156
491,155
490,154
489,154
488,153
487,153
486,152
485,151
484,150
483,149
482,148
481,148
480,147
479,146
478,145
477,145
476,145
475,144
474,144
473,145
472,144
471,143
470,142
469,141
468,140
467,139
466,138
465,137
464,136
463,135
462,134
461,133
460,132
459,131
458,130
457,129
456,128
455,127
454,126
453,125
452,124
451,123
450,122
449,121
448,120
447,119
446,118
445,117
444,116
443,115
442,114
441,113
440,112
439,111
438,110
437,109
436,108
435,107
434,106
433,105
432,104
431,103
430,102
429,101
428,101
427,101
426,101
425,101
424,101
423,102
422,101
421,101
420,101
419,100
418,99
417,99
416,99
415,99
414,99
413,99
412,99
411,99
410,100
409,101
408,100
407,101
406,101
405,102
404,103
403,104
402,105
401,106
400,107
399,108
398,108
397,109
396,110
395,111
394,112
393,113
392,114
391,115
390,116
389,117
388,118
387,119
386,120
385,121
384,121
383,122
382,122
381,122
380,123
379,122
378,123
377,124
376,125
375,124
374,124
373,123
372,123
371,123
370,123
369,123
368,122
367,122
366,121
365,120
364,119
363,118
362,117
361,117
360,117
359,116
358,115
357,115
356,115
355,115
354,114
353,113
352,113
351,113
350,113
349,113
348,112
347,111
346,110
345,111
344,112
343,113
342,113
341,113
340,113
339,113
338,114
337,115
336,116
335,117
334,118
333,119
332,120
331,121
330,121
329,121
328,121
327,122
326,122
325,122
324,122
323,123
322,124
321,125
320,126
319,127
318,126
317,125
316,126
315,127
314,128
313,128
312,127
311,127
310,128
309,128
308,127
307,127
306,127
305,126
304,127
303,126
302,127
301,128
300,129
299,130
298,131
297,130
296,129
295,128
294,127
293,126
292,125
291,124
290,123
289,122
288,121
287,120
286,119
285,118
284,117
283,116
282,115
281,114
280,113
279,112
278,111
277,110
276,109
275,108
274,107
273,106
272,105
271,104
270,103
269,102
268,101
267,100
266,99
265,98
264,97
263,96
262,95
261,94
260,93
259,92
258,91
257,90
256,89
255,88
254,87
253,86
252,85
251,84
250,83
249,82
248,81
247,80
246,79
245,78
244,77
243,76
242,75
241,74
240,73
239,72
238,71
237,70
236,69
235,68
234,67
233,66
232,65
231,64
230,63
229,62
228,61
227,60
226,59
225,58
224,57
223,56
222,55
221,54
220,53
219,52
218,51
218,50
217,49
216,48
216,47
215,46
214,45
213,44
212,43
212,42
211,41
210,40
209,39
208,38
207,37
206,37
205,36
204,37
203,37
202,37
201,36
200,37
199,36
198,37
197,38
196,39
195,40
194,40
193,41
192,42
191,43
190,42
189,43
188,42
187,43
186,44
185,44
184,43
183,42
182,43
181,43
180,43
179,42
178,41
177,42
176,42
175,42
174,41
173,41
172,42
171,43
170,44
169,45
168,46
167,47
166,48
165,47
164,48
163,49
162,48
161,48
160,48
159,47
158,46
157,45
156,46
155,47
154,46
153,46
152,46
151,45
150,44
149,43
148,42
147,41
146,40
145,39
144,38
143,37
142,36
141,35
140,34
139,33
138,32
137,31
136,30
135,29
134,28
133,27
132,26
131,26
130,25
129,24
128,25
127,24
126,24
125,25
124,24
123,23
122,24
121,24
120,24
119,24
118,24
117,25
116,26
115,26
114,27
113,28
112,29
111,30
110,30
109,30
108,31
107,32
106,33
105,34
104,35
103,35
102,36
101,37
100,38
99,39
98,39
97,40
96,41
95,41
94,42
93,43
92,43
91,44
90,45
89,46
88,47
87,47
86,47
85,47
84,48
83,48
82,47
81,48
80,48
79,48
78,48
77,47
76,48
75,48
74,49
73,50
72,50
71,51
70,52
69,51
68,50
67,49
66,48
65,47
64,46
63,45
62,44
61,43
60,42
59,41
58,40
57,39
56,38
55,37
54,36
53,35
52,34
51,33
50,32
49,31
48,30
47,29
46,28
45,27
44,26
43,25
42,24
41,23
40,22
39,21
38,20
37,19
36,18
35,17
34,16
33,15
32,14
31,13
30,12
29,11
28,10
27,9
26,8
25,7
24,6
23,5
22,4
22,3
22,2
23,1
